0, 0
0.02, -0.0991667
0.04, -0.196667
0.06, -0.2925
0.08, -0.386667
0.1, -0.479167
0.12, -0.57
0.14, -0.659167
0.16, -0.746667
0.18, -0.8325
0.2, -0.916667
0.22, -0.999167
0.24, -1.08
0.26, -1.15917
0.28, -1.23667
0.3, -1.3125
0.32, -1.38667
0.34, -1.45917
0.36, -1.53
0.38, -1.59917
0.4, -1.66667
0.42, -1.7325
0.44, -1.79667
0.46, -1.85917
0.48, -1.92
0.5, -1.97917
0.52, -2.03667
0.54, -2.0925
0.56, -2.14667
0.58, -2.19917
0.6, -2.25
0.62, -2.29917
0.64, -2.34667
0.66, -2.3925
0.68, -2.43667
0.7, -2.47917
0.72, -2.52
0.74, -2.55917
0.76, -2.59667
0.78, -2.6325
0.8, -2.66667
0.82, -2.69917
0.84, -2.73
0.86, -2.75917
0.88, -2.78667
0.9, -2.8125
0.92, -2.83667
0.94, -2.85917
0.96, -2.88
0.98, -2.89917
1, -2.91667
1.02, -2.9325
1.04, -2.94667
1.06, -2.95917
1.08, -2.97
1.1, -2.97917
1.12, -2.98667
1.14, -2.9925
1.16, -2.99667
1.18, -2.99917
1.2, -3
1.22, -2.99917
1.24, -2.99667
1.26, -2.9925
1.28, -2.98667
1.3, -2.97917
1.32, -2.97
1.34, -2.95917
1.36, -2.94667
1.38, -2.9325
1.4, -2.91667
1.42, -2.89917
1.44, -2.88
1.46, -2.85917
1.48, -2.83667
1.5, -2.8125
1.52, -2.78667
1.54, -2.75917
1.56, -2.73
1.58, -2.69917
1.6, -2.66667
1.62, -2.6325
1.64, -2.59667
1.66, -2.55917
1.68, -2.52
1.7, -2.47917
1.72, -2.43667
1.74, -2.3925
1.76, -2.34667
1.78, -2.29917
1.8, -2.25
1.82, -2.19917
1.84, -2.14667
1.86, -2.0925
1.88, -2.03667
1.9, -1.97917
1.92, -1.92
1.94, -1.85917
1.96, -1.79667
1.98, -1.7325
2, -1.66667
2.02, -1.59917
2.04, -1.53
2.06, -1.45917
2.08, -1.38667
2.1, -1.3125
2.12, -1.23667
2.14, -1.15917
2.16, -1.08
2.18, -0.999167
2.2, -0.916667
2.22, -0.8325
2.24, -0.746667
2.26, -0.659167
2.28, -0.57
2.3, -0.479167
2.32, -0.386667
2.34, -0.2925
2.36, -0.196667
2.38, -0.0991667
2.4, 0
2.42, 0.100833
2.44, 0.203333
2.46, 0.3075
2.48, 0.413333
2.5, 0.520833
2.52, 0.63
2.54, 0.740833
2.56, 0.853333
2.58, 0.9675
2.6, 1.08333
2.62, 1.20083
2.64, 1.32
2.66, 1.44083
2.68, 1.56333
2.7, 1.6875
2.72, 1.81333
2.74, 1.94083
2.76, 2.07
2.78, 2.20083
2.8, 2.33333
2.82, 2.4675
2.84, 2.60333
2.86, 2.74083
2.88, 2.88
2.9, 3.02083
2.92, 3.16333
2.94, 3.3075
2.96, 3.45333
2.98, 3.60083
3, 3.75
3.02, 3.90083
3.04, 4.05333
3.06, 4.2075
3.08, 4.36333
3.1, 4.52083
3.12, 4.68
3.14, 4.84083
3.16, 5.00333
3.18, 5.1675
3.2, 5.33333
3.22, 5.50083
3.24, 5.67
3.26, 5.84083
3.28, 6.01333
3.3, 6.1875
3.32, 6.36333
3.34, 6.54083
3.36, 6.72
3.38, 6.90083
3.4, 7.08333
3.42, 7.2675
3.44, 7.45333
3.46, 7.64083
3.48, 7.83
3.5, 8.02083
3.52, 8.21333
3.54, 8.4075
3.56, 8.60333
3.58, 8.80083
3.6, 9
3.62, 9.20083
3.64, 9.40333
3.66, 9.6075
3.68, 9.81333
3.7, 10.0208
3.72, 10.23
3.74, 10.4408
3.76, 10.6533
3.78, 10.8675
3.8, 11.0833
3.82, 11.3008
3.84, 11.52
3.86, 11.7408
3.88, 11.9633
3.9, 12.1875
3.92, 12.4133
3.94, 12.6408
3.96, 12.87
3.98, 13.1008
4, 13.3333
4.02, 13.5675
4.04, 13.8033
4.06, 14.0408
4.08, 14.28
4.1, 14.5208
4.12, 14.7633
4.14, 15.0075
4.16, 15.2533
4.18, 15.5008
4.2, 15.75
4.22, 16.0008
4.24, 16.2533
4.26, 16.5075
4.28, 16.7633
4.3, 17.0208
4.32, 17.28
4.34, 17.5408
4.36, 17.8033
4.38, 18.0675
4.4, 18.3333
4.42, 18.6008
4.44, 18.87
4.46, 19.1408
4.48, 19.4133
4.5, 19.6875
4.52, 19.9633
4.54, 20.2408
4.56, 20.52
4.58, 20.8008
4.6, 21.0833
4.62, 21.3675
4.64, 21.6533
4.66, 21.9408
4.68, 22.23
4.7, 22.5208
4.72, 22.8133
4.74, 23.1075
4.76, 23.4033
4.78, 23.7008
4.8, 24
4.82, 24.3008
4.84, 24.6033
4.86, 24.9075
4.88, 25.2133
4.9, 25.5208
4.92, 25.83
4.94, 26.1408
4.96, 26.4533
4.98, 26.7675
5, 27.0833
5.02, 27.4008
5.04, 27.72
5.06, 28.0408
5.08, 28.3633
5.1, 28.6875
5.12, 29.0133
5.14, 29.3408
5.16, 29.67
5.18, 30.0008
5.2, 30.3333
5.22, 30.6675
5.24, 31.0033
5.26, 31.3408
5.28, 31.68
5.3, 32.0208
5.32, 32.3633
5.34, 32.7075
5.36, 33.0533
5.38, 33.4008
5.4, 33.75
5.42, 34.1008
5.44, 34.4533
5.46, 34.8075
5.48, 35.1633
5.5, 35.5208
5.52, 35.88
5.54, 36.2408
5.56, 36.6033
5.58, 36.9675
5.6, 37.3333
5.62, 37.7008
5.64, 38.07
5.66, 38.4408
5.68, 38.8133
5.7, 39.1875
5.72, 39.5633
5.74, 39.9408
5.76, 40.32
5.78, 40.7008
5.8, 41.0833
5.82, 41.4675
5.84, 41.8533
5.86, 42.2408
5.88, 42.63
5.9, 43.0208
5.92, 43.4133
5.94, 43.8075
5.96, 44.2033
5.98, 44.6008
6, 45
6.02, 45.4008
6.04, 45.8033
6.06, 46.2075
6.08, 46.6133
6.1, 47.0208
6.12, 47.43
6.14, 47.8408
6.16, 48.2533
6.18, 48.6675
6.2, 49.0833
6.22, 49.5008
6.24, 49.92
6.26, 50.3408
6.28, 50.7633
6.3, 51.1875
6.32, 51.6133
6.34, 52.0408
6.36, 52.47
6.38, 52.9008
6.4, 53.3333
6.42, 53.7675
6.44, 54.2033
6.46, 54.6408
6.48, 55.08
6.5, 55.5208
6.52, 55.9633
6.54, 56.4075
6.56, 56.8533
6.58, 57.3008
6.6, 57.75
6.62, 58.2008
6.64, 58.6533
6.66, 59.1075
6.68, 59.5633
6.7, 60.0208
6.72, 60.48
6.74, 60.9408
6.76, 61.4033
6.78, 61.8675
6.8, 62.3333
6.82, 62.8008
6.84, 63.27
6.86, 63.7408
6.88, 64.2133
6.9, 64.6875
6.92, 65.1633
6.94, 65.6408
6.96, 66.12
6.98, 66.6008
7, 67.0833
7.02, 67.5675
7.04, 68.0533
7.06, 68.5408
7.08, 69.03
7.1, 69.5208
7.12, 70.0133
7.14, 70.5075
7.16, 71.0033
7.18, 71.5008
7.2, 72
7.22, 72.5008
7.24, 73.0033
7.26, 73.5075
7.28, 74.0133
7.3, 74.5208
7.32, 75.03
7.34, 75.5408
7.36, 76.0533
7.38, 76.5675
7.4, 77.0833
7.42, 77.6008
7.44, 78.12
7.46, 78.6408
7.48, 79.1633
7.5, 79.6875
7.52, 80.2133
7.54, 80.7408
7.56, 81.27
7.58, 81.8008
7.6, 82.3333
7.62, 82.8675
7.64, 83.4033
7.66, 83.9408
7.68, 84.48
7.7, 85.0208
7.72, 85.5633
7.74, 86.1075
7.76, 86.6533
7.78, 87.2008
7.8, 87.75
7.82, 88.3008
7.84, 88.8533
7.86, 89.4075
7.88, 89.9633
7.9, 90.5208
7.92, 91.08
7.94, 91.6408
7.96, 92.2033
7.98, 92.7675
8, 93.3333
8.02, 93.9008
8.04, 94.47
8.06, 95.0408
8.08, 95.6133
8.1, 96.1875
8.12, 96.7633
8.14, 97.3408
8.16, 97.92
8.18, 98.5008
8.2, 99.0833
8.22, 99.6675
8.24, 100.253
8.26, 100.841
8.28, 101.43
8.3, 102.021
8.32, 102.613
8.34, 103.207
8.36, 103.803
8.38, 104.401
8.4, 105
8.42, 105.601
8.44, 106.203
8.46, 106.808
8.48, 107.413
8.5, 108.021
8.52, 108.63
8.54, 109.241
8.56, 109.853
8.58, 110.468
8.6, 111.083
8.62, 111.701
8.64, 112.32
8.66, 112.941
8.68, 113.563
8.7, 114.188
8.72, 114.813
8.74, 115.441
8.76, 116.07
8.78, 116.701
8.8, 117.333
8.82, 117.968
8.84, 118.603
8.86, 119.241
8.88, 119.88
8.9, 120.521
8.92, 121.163
8.94, 121.807
8.96, 122.453
8.98, 123.101
9, 123.75
9.02, 124.401
9.04, 125.053
9.06, 125.707
9.08, 126.363
9.1, 127.021
9.12, 127.68
9.14, 128.341
9.16, 129.003
9.18, 129.668
9.2, 130.333
9.22, 131.001
9.24, 131.67
9.26, 132.341
9.28, 133.013
9.3, 133.688
9.32, 134.363
9.34, 135.041
9.36, 135.72
9.38, 136.401
9.4, 137.083
9.42, 137.768
9.44, 138.453
9.46, 139.141
9.48, 139.83
9.5, 140.521
9.52, 141.213
9.54, 141.908
9.56, 142.603
9.58, 143.301
9.6, 144
9.62, 144.701
9.64, 145.403
9.66, 146.108
9.68, 146.813
9.7, 147.521
9.72, 148.23
9.74, 148.941
9.76, 149.653
9.78, 150.368
9.8, 151.083
9.82, 151.801
9.84, 152.52
9.86, 153.241
9.88, 153.963
9.9, 154.688
9.92, 155.413
9.94, 156.141
9.96, 156.87
9.98, 157.601
